0000000000000000000000000000000000000000
0000000000000000000000000000000000000000
0000000000000000000000000000000000000000
0000000000000000000000000000000000000000
0000000000000000000000000000000000000000
0000000000000000000000000000000000000000
0000000000000000000000000000000000000000
0000000000001111000000000000000000000000
0000000000000001100000000000000000000000
0000000000000000110000000000000000000000
0000000000000000011000000000000000000000
0000001111110000001000000000000000000000
0000011000011100001000000000000000000000
0000110000000110001100000000000011111100
0000100001100010000100000001111110000000
0000100100100010000100000001000000000000
0000100000100010000100000111000000000000
0000100000100111111111111100000000000000
0000100000100100000100000111000000000000
0000100100100100000100000001111100000000
0000100001100100001100000000000111111100
0000100000001100001000000000000000000000
0000010000011000001000000000000000000000
0000011111110000011000000000000000000000
0000000000000000110000000000000000000000
0000000000000001100000000000000000000000
0000000000000011000000000000000000000000
0000000000000110000000000000000000000000
0000000000000000000000000000000000000000
0000000000000000000000000000000000000000
0000000000000000000000000000000000000000
0000000000000000000000000000000000000000
0000000000000000000000000000000000000000
0000000000000000000000000000000000000000
0000000000000000000000000000000000000000
0000000000000000000000000000000000000000
0000000000000000000000000000000000000000
0000000000000000000000000000000000000000
0000000000000000000000000000000000000000
0000000000000000000000000000000000000000
